129.6,154.8,167.4,167.4,167.4,169.2,176.4,180.0,178.2,172.8
158.4,145.8,138.6,135.0,133.2,135.0,142.2,151.2,151.2,142.2,126.0,113.4,118.8,131.4,145.8,151.2,147.6,145.8,144.0,136.8,133.2
131.4,129.6,135.0,140.4,149.4,154.8,163.8,176.4,183.6,185.4,181.8,180.0,178.2,174.6,162.0,140.4,131.4,133.2,140.4,145.8,136.8,133.2,145.8,151.2,145.8,144.0,149.4,144.0,136.8,138.6,138.6,136.8,129.6,124.2,122.4,118.8,113.4,100.8,93.6,97.2,97.2,91.8,86.4,95.4,108.0,104.4,97.2,97.2,100.8,102.6,102.6,102.6,100.8,99.0,109.8,113.4,111.6
117.0,124.2,129.6,129.6,129.6,127.8,122.4,115.2,106.2,109.8,120.6,120.6,115.2,127.8,145.8,156.6,163.8
165.6,160.2,147.6,144.0,144.0,140.4,136.8,133.2,133.2,131.4,135.0,138.6
131.4,124.2,122.4,127.8,142.2,151.2,145.8,133.2
140.4,165.6,194.4,205.2,201.6,198.0,199.8,187.2,183.6,180.0,174.6,172.8,165.6,160.2,147.6,133.2,127.8,122.4,120.6,124.2,129.6,135.0,142.2,140.4,133.2,131.4,127.8,120.6,111.6,104.4,99.0,100.8,100.8,95.4,90.0,93.6,91.8,88.2,86.4,86.4,90.0,95.4,93.6,91.8,88.2,86.4,88.2,88.2,102.6,115.2,115.2,109.8,100.8,97.2,104.4,117.0,122.4
117.0,118.8,122.4,131.4,153.0,169.2,171.0,163.8,158.4,158.4,158.4,156.6,160.2,167.4,165.6,163.8,163.8,151.2,149.4
162.0,163.8,142.2,127.8,129.6,136.8,140.4,142.2,145.8,147.6,145.8,147.6,153.0,167.4,162.0,142.2,138.6,149.4,160.2,151.2,142.2,153.0
165.6,171.0,190.8,212.4,234.0,243.0,228.6,221.4,230.4,226.8,210.6,189.0,169.2,163.8,160.2,154.8,156.6,153.0,147.6,145.8,140.4,140.4,147.6,149.4,144.0,131.4,115.2,113.4,115.2,111.6,104.4,100.8,104.4,106.2,104.4,97.2,95.4,95.4,93.6,95.4,95.4,93.6,93.6,97.2,97.2,97.2,100.8,104.4,95.4,95.4,104.4,106.2,106.2,111.6,120.6,122.4
117.0,120.6,127.8,126.0,126.0,133.2,136.8,140.4,154.8,167.4,165.6,165.6,169.2,163.8,153.0,147.6,147.6
145.8,138.6,135.0,136.8,140.4,145.8,149.4,151.2,151.2,149.4,153.0,154.8,149.4
142.2,147.6,160.2,165.6,165.6,156.6,147.6,151.2,147.6,144.0
144.0,136.8,127.8,131.4,140.4,147.6,158.4,171.0,174.6,165.6,160.2,165.6,169.2,165.6,162.0,158.4,154.8,149.4,145.8,142.2,147.6,151.2,145.8,138.6,138.6,136.8,135.0,133.2,124.2,120.6,118.8,111.6,109.8,108.0,104.4,100.8,97.2,97.2,97.2,97.2,97.2,100.8,102.6,100.8,95.4,93.6,97.2,100.8,104.4,104.4,104.4,104.4,102.6,104.4,109.8,115.2,113.4,113.4
115.2,118.8,129.6,147.6,158.4,171.0,176.4,178.2,174.6,165.6
165.6,163.8,160.2,160.2,160.2
158.4,151.2,140.4,136.8,136.8,136.8,133.2,136.8,140.4,142.2,145.8,147.6,149.4
154.8,154.8,163.8,167.4,176.4,189.0,194.4,199.8,208.8
212.4,221.4,226.8,230.4,232.2,223.2,214.2,214.2,214.2,194.4,165.6,158.4,154.8,138.6,136.8,138.6,127.8,117.0,115.2,115.2,117.0,113.4,111.6,118.8,122.4,122.4,118.8,113.4,111.6,109.8,106.2,106.2,106.2,106.2,102.6,99.0,97.2,97.2,97.2,97.2,93.6,95.4,97.2,95.4,95.4,97.2,100.8,104.4,104.4,102.6,100.8,95.4,97.2,100.8,100.8,106.2,113.4
111.6,111.6,124.2,136.8,145.8,160.2,167.4,162.0,149.4,138.6,136.8,136.8,131.4,124.2,129.6,136.8,140.4
142.2,144.0,149.4,147.6,138.6,131.4,133.2,138.6,144.0,151.2,149.4,142.2,136.8
129.6,120.6,122.4,127.8,131.4,145.8,156.6,163.8,174.6
190.8,198.0,198.0,203.4,207.0,203.4,203.4,201.6,189.0,171.0,163.8,154.8,140.4,136.8,135.0,138.6,140.4,136.8,133.2,129.6,122.4,120.6,118.8,115.2,115.2,118.8,117.0,113.4,109.8,108.0,106.2,106.2,106.2,104.4,97.2,93.6,90.0,88.2,90.0,91.8,91.8,90.0,88.2,88.2,88.2,90.0,91.8,93.6,93.6,91.8,86.4,86.4,88.2,86.4,88.2,90.0,93.6,97.2,97.2
102.6,104.4,104.4,109.8,122.4,135.0,147.6,158.4,162.0,154.8,142.2,135.0,129.6,129.6,135.0
142.2,144.0,142.2,142.2,147.6,149.4,149.4,154.8,160.2,156.6,147.6,147.6,154.8,156.6,162.0,163.8,145.8,135.0,136.8,138.6,142.2,153.0,158.4
156.6,151.2,154.8,160.2,167.4,172.8,176.4,172.8,169.2,174.6,176.4,169.2,165.6,165.6,167.4,169.2,169.2,183.6,185.4,181.8,180.0,163.8,151.2,145.8,142.2,136.8,131.4,129.6,124.2,118.8,113.4,109.8,104.4,97.2,99.0,97.2,97.2,100.8,100.8,102.6,102.6,102.6,102.6,104.4,104.4,108.0,111.6,109.8,113.4,118.8,118.8,122.4,129.6,140.4,149.4,144.0,142.2
145.8,151.2,163.8,165.6,167.4,176.4,183.6,185.4,189.0,189.0,187.2,181.8,169.2,156.6,147.6,142.2
142.2,153.0,160.2,163.8,163.8,162.0,165.6,169.2,158.4,147.6,154.8,160.2,163.8,163.8,163.8,165.6,163.8,165.6,165.6,158.4,154.8,153.0,158.4
167.4,178.2,185.4,190.8,192.6,187.2,176.4,171.0,180.0,183.6,169.2,163.8,174.6,183.6,181.8,192.6,207.0,205.2,201.6,201.6,194.4,181.8,178.2,176.4,171.0,163.8,158.4,154.8,142.2,131.4,127.8,122.4,115.2,111.6,106.2,102.6,97.2,97.2,95.4,93.6,95.4,95.4,95.4,97.2,100.8,100.8,99.0,100.8,100.8,99.0,102.6,106.2,104.4,102.6,106.2,108.0,104.4
104.4,111.6,118.8,122.4,127.8,135.0,140.4,147.6,156.6,158.4,153.0,154.8,151.2,136.8,129.6,135.0
147.6,154.8,151.2,147.6,145.8,144.0,144.0,142.2,140.4,147.6,158.4,156.6,165.6,167.4,142.2
120.6,115.2,124.2,127.8,127.8,140.4,153.0,165.6,174.6
178.2,187.2,192.6,196.2,196.2,187.2,180.0,178.2,176.4,171.0,165.6,160.2,149.4,138.6,126.0,118.8,118.8,122.4,115.2,97.2,91.8,95.4,95.4,93.6,86.4,84.6,86.4,84.6,82.8,81.0,81.0,79.2,79.2,79.2,77.4,77.4,77.4,77.4,75.6,75.6,75.6,75.6,73.8,73.8,75.6,86.4,97.2,86.4,81.0,79.2,77.4,79.2,82.8,84.6,86.4
90.0,93.6,100.8,108.0,111.6,115.2,120.6,129.6,138.6,145.8,149.4,153.0,158.4,160.2,154.8,151.2
147.6,147.6,138.6,126.0,124.2,133.2,142.2,145.8,145.8,147.6,151.2,142.2,127.8,118.8,113.4,115.2,124.2,131.4,138.6,147.6,154.8,154.8,151.2
151.2,149.4,151.2,158.4,167.4,183.6,194.4,194.4,198.0,207.0,203.4,187.2,180.0,181.8,171.0,162.0,158.4,147.6,140.4,136.8,133.2,136.8,133.2,120.6,115.2,118.8,124.2,126.0,126.0,124.2,120.6,113.4,109.8,108.0,106.2,102.6,95.4,91.8,91.8,90.0,86.4,90.0,99.0,106.2,106.2,104.4,106.2,108.0,111.6,117.0,120.6,115.2,111.6,115.2,115.2,113.4,115.2
118.8,120.6,120.6,118.8,122.4,133.2,136.8,135.0,133.2,131.4,129.6,127.8,138.6,160.2,176.4,167.4,149.4,140.4
136.8,138.6,144.0,145.8,147.6,144.0,142.2,140.4,138.6,136.8,135.0,131.4
127.8,127.8,127.8,126.0,127.8,133.2,153.0,178.2,192.6
196.2,196.2,201.6,208.8,217.8,217.8,194.4,154.8,138.6,144.0,145.8,140.4,142.2,147.6,149.4,144.0,142.2,142.2,138.6,131.4,126.0,126.0,129.6,131.4,127.8,120.6,120.6,120.6,118.8,118.8,118.8,115.2,111.6,109.8,106.2,104.4,104.4,102.6,100.8,97.2,93.6,91.8,95.4,97.2,97.2,95.4,93.6,93.6,93.6,90.0,91.8,97.2,97.2,95.4,95.4,104.4,108.0,104.4,106.2
109.8,109.8,115.2,124.2,122.4,124.2,133.2,147.6,158.4,162.0,160.2,158.4
158.4,156.6,158.4,171.0
185.4,185.4,172.8,167.4,172.8,169.2,169.2,176.4,181.8,178.2,176.4,176.4
172.8,151.2,122.4,108.0,102.6,102.6,108.0,120.6,131.4,138.6
140.4,142.2,149.4,158.4,163.8,169.2,178.2,174.6,167.4,169.2,176.4,171.0,165.6,165.6,162.0,156.6,149.4,142.2,138.6,135.0,126.0,122.4,122.4,118.8,109.8,104.4,106.2,104.4,102.6,102.6,100.8,102.6,102.6,102.6,104.4,106.2,106.2,109.8,108.0,106.2,106.2,104.4,106.2,106.2,111.6,118.8,115.2,104.4,97.2,99.0,100.8,104.4,108.0,109.8,113.4,120.6
129.6,135.0,140.4,140.4,140.4,142.2,149.4,154.8,151.2,156.6,171.0,176.4,178.2,187.2,192.6,185.4
185.4,196.2,205.2,208.8,212.4,214.2,219.6
226.8,235.8,244.8,246.6,243.0,241.2,255.6,264.6,266.4,275.4,289.8,295.2,304.2,311.4,298.8,295.2,293.4,300.6
327.6,338.4,336.6,338.4,340.2,336.6,336.6,336.6,320.4,324.0,329.4,316.8,306.0,307.8,295.2,282.6,284.4,284.4,273.6,259.2,253.8,241.2,235.8,244.8,244.8,235.8,230.4,226.8,219.6,217.8,214.2,205.2,205.2,203.4,194.4,192.6,187.2,181.8,178.2,176.4,174.6,165.6,158.4,151.2,147.6,144.0,136.8,135.0,133.2,127.8,127.8,122.4,122.4,133.2,138.6
131.4,127.8,129.6,133.2,142.2,153.0,165.6,181.8,185.4,176.4,172.8,167.4,160.2,149.4,140.4,140.4,138.6,136.8
138.6,142.2,153.0,160.2,160.2,165.6,171.0,171.0,169.2,172.8,167.4,158.4,154.8,158.4,154.8,142.2,140.4,147.6,153.0,156.6,158.4,160.2,167.4,172.8,169.2,165.6,174.6,183.6,181.8,183.6,190.8,192.6,189.0,178.2,169.2,176.4,181.8,178.2,169.2,163.8,163.8,160.2,147.6,144.0,149.4,136.8,126.0,127.8,126.0,122.4,124.2,129.6,124.2,113.4,111.6,113.4,117.0,120.6,109.8,108.0,109.8,106.2,104.4,102.6,99.0,97.2,95.4,93.6,91.8,91.8,91.8,93.6,102.6,106.2,106.2,113.4,126.0,136.8,140.4