172.79999999999998,201.6,223.20000000000002,230.4,230.4,221.4,214.20000000000002,219.6,226.79999999999998,225.0,226.79999999999998,228.6,210.6,203.4,208.79999999999998,199.79999999999998,192.6,192.6,190.79999999999998,194.4,190.79999999999998,178.20000000000002,167.4,167.4,151.20000000000002,144.0,149.4,138.6,129.6,124.2,118.8,117.0,113.39999999999999,104.39999999999999,91.8,84.60000000000001,84.60000000000001,95.39999999999999,102.60000000000001,100.8,104.39999999999999,124.2,133.20000000000002,131.4,147.6,149.4,156.6,189.0,196.20000000000002,198.0,205.20000000000002,205.20000000000002,208.79999999999998
208.79999999999998,217.79999999999998,257.40000000000003,307.8,352.8,376.2,392.40000000000003,403.2,399.59999999999997,379.8,347.40000000000003,313.2,279.0,248.4,226.79999999999998,210.6
185.4,158.4,169.20000000000002,219.6,241.20000000000002,234.0,217.79999999999998,189.0,163.79999999999998,158.4,151.20000000000002,140.4,129.6,120.60000000000001,111.60000000000001,106.2,106.2,106.2,102.60000000000001,100.8,97.2,93.60000000000001,91.8,86.39999999999999
100.8,149.4,198.0,217.79999999999998,230.4,246.6,235.79999999999998,205.20000000000002,176.4,158.4,147.6,129.6,120.60000000000001,115.2,102.60000000000001,91.8,88.2,86.39999999999999,82.8,97.2,122.39999999999999,133.20000000000002,131.4,129.6,136.79999999999998,140.4,135.0,129.6,138.6,154.79999999999998,160.20000000000002,169.20000000000002,174.6,181.79999999999998,185.4,187.20000000000002,172.79999999999998,151.20000000000002,147.6,160.20000000000002,165.6,165.6,171.0,178.20000000000002,181.79999999999998,174.6,165.6,163.79999999999998,160.20000000000002,153.0,153.0,158.4,158.4,154.79999999999998,156.6,162.0
167.4,196.20000000000002,243.0,289.8,315.0,298.8,266.40000000000003,237.6,212.4,198.0,189.0,176.4,163.79999999999998,154.79999999999998,142.20000000000002,133.20000000000002
136.79999999999998,163.79999999999998,187.20000000000002,194.4,201.6,199.79999999999998,189.0,174.6,169.20000000000002,167.4,162.0,154.79999999999998,149.4,151.20000000000002,158.4,162.0,162.0,160.20000000000002,154.79999999999998,142.20000000000002,131.4,124.2,118.8,115.2
113.39999999999999,124.2,145.79999999999998,151.20000000000002,145.79999999999998,144.0,142.20000000000002,138.6,131.4,129.6,127.8,122.39999999999999,111.60000000000001,109.8,113.39999999999999,115.2,111.60000000000001,104.39999999999999,104.39999999999999,104.39999999999999,95.39999999999999,81.0,73.8,75.60000000000001,81.0,84.60000000000001,86.39999999999999,84.60000000000001,88.2,88.2,84.60000000000001,84.60000000000001,81.0,77.39999999999999,79.2,88.2,99.0,104.39999999999999,100.8,99.0,100.8,104.39999999999999,102.60000000000001,97.2,102.60000000000001,117.0,122.39999999999999,120.60000000000001,120.60000000000001,124.2,129.6,131.4,135.0,142.20000000000002,145.79999999999998,145.79999999999998
145.79999999999998,140.4,138.6,138.6,131.4,129.6,133.20000000000002,136.79999999999998,136.79999999999998,138.6,138.6,158.4,203.4,243.0,257.40000000000003,250.20000000000002
234.0,217.79999999999998,199.79999999999998,183.6,169.20000000000002,154.79999999999998,138.6,126.0,109.8,86.39999999999999,73.8,66.60000000000001,63.0,73.8,88.2,102.60000000000001,118.8,127.8,127.8,131.4,136.79999999999998,149.4,167.4,176.4
189.0,190.79999999999998,174.6,160.20000000000002,142.20000000000002,120.60000000000001,104.39999999999999,99.0,93.60000000000001,90.0,97.2,102.60000000000001,100.8,100.8,95.39999999999999,90.0,86.39999999999999,86.39999999999999,86.39999999999999,86.39999999999999,88.2,88.2,86.39999999999999,93.60000000000001,97.2,93.60000000000001,91.8,91.8,88.2,91.8,97.2,95.39999999999999,95.39999999999999,100.8,102.60000000000001,104.39999999999999,97.2,97.2,106.2,111.60000000000001,109.8,106.2,109.8,109.8,109.8,109.8,106.2,106.2,109.8,113.39999999999999,113.39999999999999,118.8,120.60000000000001,122.39999999999999,131.4,138.6
160.20000000000002,203.4,232.20000000000002,228.6,210.6,185.4,163.79999999999998,142.20000000000002,124.2,113.39999999999999,104.39999999999999,93.60000000000001,88.2,86.39999999999999,79.2,75.60000000000001
97.2,140.4,165.6,154.79999999999998,138.6,120.60000000000001,100.8,90.0,86.39999999999999,79.2,73.8,73.8,82.8,88.2,99.0,115.2,122.39999999999999,113.39999999999999,100.8,95.39999999999999,95.39999999999999,100.8,102.60000000000001,99.0
111.60000000000001,154.79999999999998,198.0,198.0,181.79999999999998,167.4,149.4,133.20000000000002,120.60000000000001,113.39999999999999,109.8,106.2,97.2,86.39999999999999,82.8,82.8,86.39999999999999,93.60000000000001,100.8,109.8,113.39999999999999,104.39999999999999,99.0,95.39999999999999,102.60000000000001,113.39999999999999,118.8,109.8,102.60000000000001,99.0,91.8,84.60000000000001,82.8,91.8,102.60000000000001,102.60000000000001,100.8,99.0,95.39999999999999,97.2,99.0,97.2,100.8,100.8,97.2,97.2,102.60000000000001,104.39999999999999,109.8,113.39999999999999,111.60000000000001,111.60000000000001,115.2,120.60000000000001,126.0,142.20000000000002
174.6,208.79999999999998,230.4,226.79999999999998,201.6,172.79999999999998,149.4,131.4,118.8,108.0,102.60000000000001,95.39999999999999,86.39999999999999,86.39999999999999,86.39999999999999,88.2
93.60000000000001,111.60000000000001,122.39999999999999,115.2,104.39999999999999,99.0,99.0,97.2,93.60000000000001,91.8,93.60000000000001,97.2,97.2,93.60000000000001,90.0,91.8,93.60000000000001,93.60000000000001,100.8,115.2,124.2,127.8,133.20000000000002,140.4
158.4,183.6,187.20000000000002,171.0,147.6,129.6,120.60000000000001,106.2,97.2,93.60000000000001,93.60000000000001,95.39999999999999,90.0,86.39999999999999,86.39999999999999,88.2,93.60000000000001,100.8,106.2,115.2,115.2,120.60000000000001,133.20000000000002,145.79999999999998,149.4,154.79999999999998,163.79999999999998,162.0,160.20000000000002,162.0,156.6,145.79999999999998,136.79999999999998,124.2,111.60000000000001,115.2,120.60000000000001,117.0,109.8,108.0,108.0,109.8,109.8,104.39999999999999,104.39999999999999,109.8,104.39999999999999,102.60000000000001,104.39999999999999,104.39999999999999,104.39999999999999,106.2,109.8,120.60000000000001,129.6,129.6
147.6,201.6,237.6,223.20000000000002,192.6,165.6
