151.20000000000002,145.79999999999998,142.20000000000002,142.20000000000002,142.20000000000002,149.4,156.6,151.20000000000002,145.79999999999998,142.20000000000002
136.79999999999998,131.4,129.6,136.79999999999998,149.4,174.6,196.20000000000002,208.79999999999998,219.6,237.6,262.8,268.2,246.6,226.79999999999998,237.6,232.20000000000002,214.20000000000002,194.4,183.6,176.4,149.4,124.2,122.39999999999999,131.4,140.4,149.4
147.6,140.4,144.0,162.0,176.4,178.20000000000002,174.6,167.4,162.0,167.4,174.6,172.79999999999998,172.79999999999998,176.4,176.4,158.4,149.4,151.20000000000002,156.6,154.79999999999998,154.79999999999998,156.6,154.79999999999998,154.79999999999998,154.79999999999998,158.4,156.6,154.79999999999998,160.20000000000002,165.6,167.4,167.4,169.20000000000002,174.6,176.4,176.4,176.4,178.20000000000002,181.79999999999998,167.4,147.6,145.79999999999998,169.20000000000002,192.6,199.79999999999998,199.79999999999998,203.4,205.20000000000002,205.20000000000002,203.4,203.4
205.20000000000002,217.79999999999998,235.79999999999998,246.6,244.79999999999998,234.0,223.20000000000002,201.6,185.4,181.79999999999998,180.0,171.0,160.20000000000002,154.79999999999998,149.4,145.79999999999998,147.6,147.6,149.4,151.20000000000002
153.0,151.20000000000002,147.6,147.6,147.6,142.20000000000002,144.0,144.0,145.79999999999998,149.4,151.20000000000002,151.20000000000002,151.20000000000002,149.4,147.6,154.79999999999998,163.79999999999998,169.20000000000002,167.4,160.20000000000002,153.0,153.0
158.4,160.20000000000002,156.6,156.6,160.20000000000002,167.4,172.79999999999998,174.6,172.79999999999998,174.6,176.4,178.20000000000002,192.6,203.4,203.4,203.4,199.79999999999998,183.6,180.0,172.79999999999998,163.79999999999998,160.20000000000002,154.79999999999998,149.4,149.4,147.6,147.6,147.6,147.6,144.0,145.79999999999998,151.20000000000002,149.4,147.6,149.4,147.6,142.20000000000002,142.20000000000002,147.6,144.0,147.6,153.0,163.79999999999998,167.4,169.20000000000002,163.79999999999998,158.4,165.6,167.4,169.20000000000002,174.6,176.4,178.20000000000002,183.6
205.20000000000002,221.4,219.6,208.79999999999998,185.4,163.79999999999998,151.20000000000002,129.6,118.8,124.2,124.2,118.8,122.39999999999999,136.79999999999998,140.4,135.0,127.8,120.60000000000001,113.39999999999999,104.39999999999999
97.2,95.39999999999999,100.8,117.0,133.20000000000002,142.20000000000002,138.6,136.79999999999998,145.79999999999998,149.4,149.4,147.6,140.4,136.79999999999998,133.20000000000002,133.20000000000002,131.4,122.39999999999999,104.39999999999999,86.39999999999999,77.39999999999999,77.39999999999999,82.8
90.0,106.2,124.2,142.20000000000002,163.79999999999998,178.20000000000002,185.4,194.4,196.20000000000002,198.0,194.4,178.20000000000002,174.6,176.4,180.0,169.20000000000002,140.4,122.39999999999999,109.8,102.60000000000001,100.8,95.39999999999999,86.39999999999999,84.60000000000001,82.8,81.0,81.0,82.8,82.8,84.60000000000001,88.2,86.39999999999999,86.39999999999999,91.8,100.8,106.2,104.39999999999999,102.60000000000001,100.8,100.8,113.39999999999999,115.2,115.2,120.60000000000001,122.39999999999999,127.8,138.6,145.79999999999998,151.20000000000002,156.6,160.20000000000002,162.0,160.20000000000002
169.20000000000002,196.20000000000002,216.0,217.79999999999998,217.79999999999998,212.4,199.79999999999998,185.4,169.20000000000002,158.4,151.20000000000002,142.20000000000002,129.6,120.60000000000001,104.39999999999999,91.8,81.0,72.0
70.2,77.39999999999999,84.60000000000001,95.39999999999999,108.0,120.60000000000001,138.6,167.4,190.79999999999998,196.20000000000002,198.0,192.6,183.6,183.6,189.0,178.20000000000002,147.6,127.8,120.60000000000001,118.8,113.39999999999999,108.0,106.2,106.2,106.2
104.39999999999999,108.0,118.8,133.20000000000002,145.79999999999998,147.6,149.4,156.6,169.20000000000002,190.79999999999998,212.4,217.79999999999998,212.4,210.6,208.79999999999998,208.79999999999998,194.4,172.79999999999998,163.79999999999998,153.0,149.4,147.6,142.20000000000002,140.4,138.6,136.79999999999998,135.0,135.0,129.6,124.2,129.6,133.20000000000002,133.20000000000002,136.79999999999998,136.79999999999998,140.4,145.79999999999998,147.6,149.4,151.20000000000002,151.20000000000002,151.20000000000002,158.4,162.0,163.79999999999998,169.20000000000002,172.79999999999998,181.79999999999998,187.20000000000002,187.20000000000002,192.6,192.6,187.20000000000002
190.79999999999998,203.4,205.20000000000002,199.79999999999998,192.6,181.79999999999998,158.4,142.20000000000002,135.0,127.8,120.60000000000001,115.2,109.8,93.60000000000001,79.2,75.60000000000001,75.60000000000001
75.60000000000001,79.2,88.2,102.60000000000001,113.39999999999999,113.39999999999999,106.2,97.2,91.8,91.8,100.8,111.60000000000001,113.39999999999999,111.60000000000001,113.39999999999999,115.2,106.2,99.0,93.60000000000001,88.2,84.60000000000001
84.60000000000001,86.39999999999999,88.2,93.60000000000001,97.2,99.0,100.8,97.2
91.8,86.39999999999999,91.8,102.60000000000001,113.39999999999999,131.4,149.4,156.6,162.0,174.6,189.0,201.6,190.79999999999998,153.0,140.4,136.79999999999998,126.0,117.0,106.2,97.2,93.60000000000001,93.60000000000001,91.8,88.2,82.8,79.2,75.60000000000001,70.2,68.39999999999999,66.60000000000001,64.8,64.8,66.60000000000001,70.2,73.8,75.60000000000001,77.39999999999999,79.2,86.39999999999999,100.8,115.2,124.2,122.39999999999999,118.8,118.8,126.0,131.4,138.6,147.6,151.20000000000002
149.4,154.79999999999998,172.79999999999998,190.79999999999998,203.4,212.4,217.79999999999998,219.6,208.79999999999998,190.79999999999998,181.79999999999998,172.79999999999998,154.79999999999998,133.20000000000002,113.39999999999999,100.8,88.2,79.2
75.60000000000001,73.8,79.2,86.39999999999999,93.60000000000001,109.8,124.2,138.6,147.6,154.79999999999998,163.79999999999998,169.20000000000002,176.4,181.79999999999998,180.0,172.79999999999998,165.6,147.6,133.20000000000002,129.6,131.4,136.79999999999998,144.0,151.20000000000002,160.20000000000002,163.79999999999998
160.20000000000002,160.20000000000002,163.79999999999998,154.79999999999998,136.79999999999998,118.8,111.60000000000001,108.0,102.60000000000001,97.2,95.39999999999999,97.2,97.2,97.2,95.39999999999999,95.39999999999999,82.8
84.60000000000001
93.60000000000001,100.8,115.2,131.4,138.6,136.79999999999998,131.4,124.2,120.60000000000001,113.39999999999999,106.2,102.60000000000001,102.60000000000001,99.0,95.39999999999999,93.60000000000001,95.39999999999999,97.2,100.8,100.8,100.8,99.0,99.0,97.2,100.8,106.2,111.60000000000001,118.8,122.39999999999999,127.8,131.4,136.79999999999998,140.4,140.4
140.4,151.20000000000002,165.6,171.0,172.79999999999998,163.79999999999998,147.6,133.20000000000002,115.2,100.8,88.2,82.8,77.39999999999999,79.2,88.2,102.60000000000001,106.2,100.8,97.2
99.0,108.0,122.39999999999999,129.6,129.6,127.8,133.20000000000002,144.0,162.0,169.20000000000002,167.4,163.79999999999998,162.0,165.6,174.6,172.79999999999998,162.0,140.4,124.2,120.60000000000001,122.39999999999999,124.2,127.8,126.0,127.8
131.4,138.6,147.6,156.6,163.79999999999998,172.79999999999998,176.4,181.79999999999998,196.20000000000002,212.4,223.20000000000002,228.6,221.4,217.79999999999998,210.6,185.4,178.20000000000002,172.79999999999998,167.4,160.20000000000002,147.6,136.79999999999998,129.6,124.2,120.60000000000001,120.60000000000001,122.39999999999999,122.39999999999999,120.60000000000001,115.2,115.2,120.60000000000001,124.2,127.8,127.8,126.0,127.8,127.8,129.6,133.20000000000002,133.20000000000002,133.20000000000002,138.6,144.0,149.4,158.4,169.20000000000002,178.20000000000002,183.6,185.4,185.4,181.79999999999998
176.4,180.0,187.20000000000002,183.6,165.6,147.6,133.20000000000002,124.2,122.39999999999999,127.8,136.79999999999998,142.20000000000002,149.4,156.6,162.0,162.0,151.20000000000002,142.20000000000002,144.0
151.20000000000002,160.20000000000002,165.6,165.6,163.79999999999998,158.4,144.0,138.6,156.6,189.0,212.4,219.6,217.79999999999998,210.6,192.6,185.4,185.4,174.6,151.20000000000002,131.4,120.60000000000001,115.2,115.2,111.60000000000001,109.8
106.2,104.39999999999999,106.2,108.0,104.39999999999999,106.2,138.6,178.20000000000002,192.6,194.4,196.20000000000002,192.6,181.79999999999998,171.0,163.79999999999998,160.20000000000002,144.0,104.39999999999999,91.8,97.2,90.0,82.8,77.39999999999999,70.2,63.0,57.6,57.6,59.4,59.4,57.6,55.800000000000004,55.800000000000004,57.6
55.800000000000004,63.0,68.39999999999999,64.8,64.8,68.39999999999999,79.2,106.2,124.2,127.8,126.0,129.6,136.79999999999998,142.20000000000002,142.20000000000002,147.6,158.4,169.20000000000002,172.79999999999998
171.0,178.20000000000002,190.79999999999998,194.4,190.79999999999998,190.79999999999998,183.6,169.20000000000002,160.20000000000002,158.4,156.6,153.0,147.6,140.4,135.0,129.6,122.39999999999999
115.2,111.60000000000001,109.8,106.2,99.0,95.39999999999999,95.39999999999999,95.39999999999999,95.39999999999999,100.8,104.39999999999999,106.2,111.60000000000001,115.2,115.2,111.60000000000001,111.60000000000001,111.60000000000001,111.60000000000001,111.60000000000001,111.60000000000001,115.2,118.8,118.8,118.8,118.8,117.0,118.8,120.60000000000001
126.0,131.4,136.79999999999998,142.20000000000002,153.0,167.4,194.4,219.6,228.6,234.0,235.79999999999998,230.4,228.6,226.79999999999998,221.4,219.6,217.79999999999998,203.4,190.79999999999998,187.20000000000002,174.6,167.4,171.0,169.20000000000002,167.4,165.6,163.79999999999998,160.20000000000002,160.20000000000002,154.79999999999998,145.79999999999998,142.20000000000002,142.20000000000002,138.6,135.0,133.20000000000002,136.79999999999998,138.6,147.6,158.4,162.0,163.79999999999998,162.0,162.0,165.6,163.79999999999998,158.4,158.4,160.20000000000002,162.0
160.20000000000002,162.0,171.0,178.20000000000002,181.79999999999998,181.79999999999998,171.0,165.6,172.79999999999998,174.6,165.6,156.6,149.4,142.20000000000002,136.79999999999998,133.20000000000002,127.8,120.60000000000001,118.8,126.0
140.4,156.6,165.6,163.79999999999998,162.0,160.20000000000002,156.6,156.6,160.20000000000002,163.79999999999998,165.6,167.4,162.0,154.79999999999998,154.79999999999998,147.6,147.6,145.79999999999998,129.6,117.0,113.39999999999999,113.39999999999999,113.39999999999999,113.39999999999999
115.2,124.2,140.4,154.79999999999998,167.4,169.20000000000002,169.20000000000002,174.6,178.20000000000002,187.20000000000002,203.4,212.4,205.20000000000002,196.20000000000002,192.6,189.0,183.6,178.20000000000002,165.6,154.79999999999998,154.79999999999998,149.4,140.4,136.79999999999998,133.20000000000002,131.4,129.6,122.39999999999999,115.2,118.8,117.0,113.39999999999999,111.60000000000001,106.2,104.39999999999999,102.60000000000001,102.60000000000001,104.39999999999999,102.60000000000001,106.2,111.60000000000001,115.2,120.60000000000001,120.60000000000001,127.8,138.6,144.0,151.20000000000002,156.6,156.6,156.6,154.79999999999998
151.20000000000002,163.79999999999998,181.79999999999998,187.20000000000002,183.6,172.79999999999998,162.0,160.20000000000002,167.4,165.6,153.0,140.4,131.4,120.60000000000001,111.60000000000001,102.60000000000001,97.2,91.8,86.39999999999999
82.8,82.8,84.60000000000001,88.2,93.60000000000001,97.2,99.0,100.8,109.8,124.2,142.20000000000002,154.79999999999998,156.6,154.79999999999998,149.4,138.6,131.4,126.0,122.39999999999999,120.60000000000001,120.60000000000001,124.2,124.2,120.60000000000001
120.60000000000001,122.39999999999999,122.39999999999999,115.2,97.2,95.39999999999999,104.39999999999999,111.60000000000001,113.39999999999999,111.60000000000001,113.39999999999999,118.8,120.60000000000001,122.39999999999999,126.0,127.8,129.6,133.20000000000002,138.6,149.4,156.6,158.4,163.79999999999998,165.6,165.6,160.20000000000002,154.79999999999998,153.0,153.0,149.4,144.0,140.4,144.0,149.4,151.20000000000002,147.6,140.4,136.79999999999998,133.20000000000002,135.0,138.6,144.0,145.79999999999998,142.20000000000002,140.4,142.20000000000002,140.4,142.20000000000002,145.79999999999998,147.6,145.79999999999998,147.6,151.20000000000002
160.20000000000002,183.6,205.20000000000002,217.79999999999998,226.79999999999998,221.4,208.79999999999998,194.4,180.0,172.79999999999998,172.79999999999998,167.4,156.6,145.79999999999998,138.6,131.4,124.2,117.0
111.60000000000001,106.2,104.39999999999999,102.60000000000001,102.60000000000001,106.2,115.2,118.8,120.60000000000001,127.8,140.4,154.79999999999998,158.4,165.6,163.79999999999998,162.0,172.79999999999998,183.6,194.4,201.6,205.20000000000002,201.6,190.79999999999998,185.4,187.20000000000002,190.79999999999998,192.6,192.6,190.79999999999998,196.20000000000002
194.4,187.20000000000002,180.0,172.79999999999998,169.20000000000002,167.4,158.4,154.79999999999998,158.4,158.4,154.79999999999998,145.79999999999998,138.6,147.6,149.4,127.8,122.39999999999999,120.60000000000001,118.8,113.39999999999999,111.60000000000001,109.8,106.2,104.39999999999999,102.60000000000001,102.60000000000001,102.60000000000001,104.39999999999999,108.0,104.39999999999999,100.8,104.39999999999999,106.2,106.2,106.2,106.2,109.8,109.8,108.0,111.60000000000001,118.8,118.8,124.2,131.4,136.79999999999998,142.20000000000002,149.4,154.79999999999998
160.20000000000002,172.79999999999998,176.4,189.0,194.4,199.79999999999998,199.79999999999998,190.79999999999998,187.20000000000002,190.79999999999998,187.20000000000002,172.79999999999998,158.4,147.6,135.0,131.4,127.8,122.39999999999999,115.2,109.8
104.39999999999999,99.0,93.60000000000001,102.60000000000001,118.8,129.6,149.4,171.0,185.4,199.79999999999998,216.0,223.20000000000002,203.4,187.20000000000002,181.79999999999998,176.4,174.6,160.20000000000002,133.20000000000002,118.8,118.8,122.39999999999999,124.2,124.2
122.39999999999999,120.60000000000001,118.8,124.2,138.6,153.0,158.4,167.4,176.4,185.4,189.0,181.79999999999998,178.20000000000002,176.4,169.20000000000002,163.79999999999998,160.20000000000002,160.20000000000002,154.79999999999998,140.4,129.6,127.8,124.2,122.39999999999999,120.60000000000001,118.8,117.0,117.0,115.2,115.2,117.0,122.39999999999999,129.6,131.4,133.20000000000002,133.20000000000002,131.4,136.79999999999998,142.20000000000002,145.79999999999998,151.20000000000002,151.20000000000002,151.20000000000002,156.6,158.4,160.20000000000002,163.79999999999998,160.20000000000002,156.6,154.79999999999998,154.79999999999998,153.0
156.6,174.6,189.0,194.4,196.20000000000002,194.4,190.79999999999998,181.79999999999998,172.79999999999998,162.0,154.79999999999998,149.4,142.20000000000002,136.79999999999998,131.4,129.6,124.2,122.39999999999999,118.8
117.0,115.2,113.39999999999999,109.8,111.60000000000001,111.60000000000001,113.39999999999999,122.39999999999999,136.79999999999998,149.4,162.0,165.6,163.79999999999998,160.20000000000002,154.79999999999998,149.4,144.0,135.0,126.0,120.60000000000001,122.39999999999999,122.39999999999999,118.8,117.0,115.2
115.2,120.60000000000001,118.8,117.0,124.2,138.6,158.4,172.79999999999998,176.4,178.20000000000002,176.4,163.79999999999998,156.6,158.4,154.79999999999998,151.20000000000002,145.79999999999998,133.20000000000002,138.6,138.6,131.4,129.6,131.4,129.6,124.2,124.2,127.8,126.0,127.8,127.8,129.6,129.6,129.6,129.6,129.6,133.20000000000002,133.20000000000002,129.6,129.6,131.4,138.6,142.20000000000002,145.79999999999998,151.20000000000002,158.4,162.0,165.6,165.6,165.6,162.0,160.20000000000002,162.0,163.79999999999998
169.20000000000002,174.6,180.0
